mdnode 
    33       2       0  10. 
  8773      0   1903
  8806      0   1904
  8839      0   1905
  8872      0   1906
  8905      0   1907
  8938      0   1908
  8971      0   1909
  9004      0   1910
  9037      0   1911
  9070      0   1912
  9103      0   1913
  9136      0   1914
  9169      0   1915
  9202      0   1916
  9235      0   1917
  9268      0   1918
  9301      0   1919
  9334      0   1920
  9367      0   1921
  9400      0   1922
  9433      0   1923
  9466      0   1924
  9499      0   1925
  9532      0   1926
  9565      0   1927
  9598      0   1928
  9631      0   1929
  9664      0   1930
  9697      0   1931
  9730      0   1932
  9763      0   1933
  9796      0   1934
  9797      0   1935