mdnode 
    43       2       0  10. 
  7790      0   2818
  7801      0   2819
  7812      0   2820
  7823      0   2821
  7834      0   2822
  7845      0   2823
  7856      0   2824
  7867      0   2825
  7878      0   2826
  7889      0   2827
  7900      0   2828
  7911      0   2829
  7922      0   2830
  7933      0   2831
  7944      0   2832
  7955      0   2833
  7966      0   2834
  7977      0   2835
  7988      0   2836
  7999      0   2837
  8010      0   2838
  8021      0   2839
  8032      0   2840
  8043      0   2841
  8054      0   2842
  8065      0   2843
  8076      0   2844
  8087      0   2845
  8098      0   2846
  8109      0   2847
  8120      0   2848
  8131      0   2849
  8142      0   2850
  8153      0   2851
  8164      0   2852
  8175      0   2853
  8186      0   2854
  8197      0   2855
  8208      0   2856
  8219      0   2857
  8230      0   2858
  8241      0   2859
  8252      0   2860