mdnode
       840       2       0   1.000     2
       592   1         592
       593   1         593
       594   1         594
       595   1         595
       596   1         596
       601   1         601
       602   1         602
       603   1         603
       604   1         604
       605   1         605
       610   1         610
       611   1         611
       612   1         612
       613   1         613
       614   1         614
       619   1         619
       620   1         620
       621   1         621
       622   1         622
       623   1         623
       628   1         628
       629   1         629
       630   1         630
       631   1         631
       632   1         632
       673   1         673
       674   1         674
       675   1         675
       676   1         676
       677   1         677
       682   1         682
       683   1         683
       684   1         684
       685   1         685
       686   1         686
       691   1         691
       692   1         692
       693   1         693
       694   1         694
       695   1         695
       700   1         700
       701   1         701
       702   1         702
       703   1         703
       704   1         704
       709   1         709
       710   1         710
       711   1         711
       712   1         712
       713   1         713
       799   1         799
       800   1         800
       801   1         801
       802   1         802
       803   1         803
       808   1         808
       809   1         809
       810   1         810
       811   1         811
       812   1         812
       817   1         817
       818   1         818
       819   1         819
       820   1         820
       821   1         821
       826   1         826
       827   1         827
       828   1         828
       829   1         829
       830   1         830
       835   1         835
       836   1         836
       837   1         837
       838   1         838
       839   1         839
       844   1         844
       845   1         845
       846   1         846
       847   1         847
       848   1         848
       853   1         853
       854   1         854
       855   1         855
       856   1         856
       857   1         857
       862   1         862
       863   1         863
       864   1         864
       865   1         865
       866   1         866
       871   1         871
       872   1         872
       873   1         873
       874   1         874
       875   1         875
       961   1         961
       962   1         962
       963   1         963
       964   1         964
       965   1         965
       970   1         970
       971   1         971
       972   1         972
       973   1         973
       974   1         974
       979   1         979
       980   1         980
       981   1         981
       982   1         982
       983   1         983
       988   1         988
       989   1         989
       990   1         990
       991   1         991
       992   1         992
       997   1         997
       998   1         998
       999   1         999
      1000   1        1000
      1001   1        1001
      1006   1        1006
      1007   1        1007
      1008   1        1008
      1009   1        1009
      1010   1        1010
      1015   1        1015
      1016   1        1016
      1017   1        1017
      1018   1        1018
      1019   1        1019
      1024   1        1024
      1025   1        1025
      1026   1        1026
      1027   1        1027
      1028   1        1028
      1033   1        1033
      1034   1        1034
      1035   1        1035
      1036   1        1036
      1037   1        1037
      1078   1        1078
      1079   1        1079
      1080   1        1080
      1081   1        1081
      1082   1        1082
      1087   1        1087
      1088   1        1088
      1089   1        1089
      1090   1        1090
      1091   1        1091
      1096   1        1096
      1097   1        1097
      1098   1        1098
      1099   1        1099
      1100   1        1100
      1105   1        1105
      1106   1        1106
      1107   1        1107
      1108   1        1108
      1109   1        1109
      1114   1        1114
      1115   1        1115
      1116   1        1116
      1117   1        1117
      1118   1        1118
      1159   1        1159
      1160   1        1160
      1161   1        1161
      1162   1        1162
      1163   1        1163
      1168   1        1168
      1169   1        1169
      1170   1        1170
      1171   1        1171
      1172   1        1172
      1177   1        1177
      1178   1        1178
      1179   1        1179
      1180   1        1180
      1181   1        1181
      1186   1        1186
      1187   1        1187
      1188   1        1188
      1189   1        1189
      1190   1        1190
      1195   1        1195
      1196   1        1196
      1197   1        1197
      1198   1        1198
      1199   1        1199
      1285   1        1285
      1286   1        1286
      1287   1        1287
      1288   1        1288
      1289   1        1289
      1294   1        1294
      1295   1        1295
      1296   1        1296
      1297   1        1297
      1298   1        1298
      1303   1        1303
      1304   1        1304
      1305   1        1305
      1306   1        1306
      1307   1        1307
      1312   1        1312
      1313   1        1313
      1314   1        1314
      1315   1        1315
      1316   1        1316
      1321   1        1321
      1322   1        1322
      1323   1        1323
      1324   1        1324
      1325   1        1325
      1330   1        1330
      1331   1        1331
      1332   1        1332
      1333   1        1333
      1334   1        1334
      1339   1        1339
      1340   1        1340
      1341   1        1341
      1342   1        1342
      1343   1        1343
      1348   1        1348
      1349   1        1349
      1350   1        1350
      1351   1        1351
      1352   1        1352
      1357   1        1357
      1358   1        1358
      1359   1        1359
      1360   1        1360
      1361   1        1361
      1447   1        1447
      1448   1        1448
      1449   1        1449
      1450   1        1450
      1451   1        1451
      1456   1        1456
      1457   1        1457
      1458   1        1458
      1459   1        1459
      1460   1        1460
      1465   1        1465
      1466   1        1466
      1467   1        1467
      1468   1        1468
      1469   1        1469
      1474   1        1474
      1475   1        1475
      1476   1        1476
      1477   1        1477
      1478   1        1478
      1483   1        1483
      1484   1        1484
      1485   1        1485
      1486   1        1486
      1487   1        1487
      1492   1        1492
      1493   1        1493
      1494   1        1494
      1495   1        1495
      1496   1        1496
      1501   1        1501
      1502   1        1502
      1503   1        1503
      1504   1        1504
      1505   1        1505
      1510   1        1510
      1511   1        1511
      1512   1        1512
      1513   1        1513
      1514   1        1514
      1519   1        1519
      1520   1        1520
      1521   1        1521
      1522   1        1522
      1523   1        1523
      2576   0         592
      2577   0         592
      2578   0         593
      2579   0         593
      2580   0         594
      2581   0         594
      2582   0         595
      2583   0         595
      2584   0         596
      2585   0         596
      2594   0         601
      2595   0         601
      2596   0         602
      2597   0         602
      2598   0         603
      2599   0         603
      2600   0         604
      2601   0         604
      2602   0         605
      2603   0         605
      2612   0         610
      2613   0         610
      2614   0         611
      2615   0         611
      2616   0         612
      2617   0         612
      2618   0         613
      2619   0         613
      2620   0         614
      2621   0         614
      2630   0         619
      2631   0         619
      2632   0         620
      2633   0         620
      2634   0         621
      2635   0         621
      2636   0         622
      2637   0         622
      2638   0         623
      2639   0         623
      2648   0         628
      2649   0         628
      2650   0         629
      2651   0         629
      2652   0         630
      2653   0         630
      2654   0         631
      2655   0         631
      2656   0         632
      2657   0         632
      2738   0         673
      2739   0         673
      2740   0         674
      2741   0         674
      2742   0         675
      2743   0         675
      2744   0         676
      2745   0         676
      2746   0         677
      2747   0         677
      2756   0         682
      2757   0         682
      2758   0         683
      2759   0         683
      2760   0         684
      2761   0         684
      2762   0         685
      2763   0         685
      2764   0         686
      2765   0         686
      2774   0         691
      2775   0         691
      2776   0         692
      2777   0         692
      2778   0         693
      2779   0         693
      2780   0         694
      2781   0         694
      2782   0         695
      2783   0         695
      2792   0         700
      2793   0         700
      2794   0         701
      2795   0         701
      2796   0         702
      2797   0         702
      2798   0         703
      2799   0         703
      2800   0         704
      2801   0         704
      2810   0         709
      2811   0         709
      2812   0         710
      2813   0         710
      2814   0         711
      2815   0         711
      2816   0         712
      2817   0         712
      2818   0         713
      2819   0         713
      2990   0         799
      2991   0         799
      2992   0         800
      2993   0         800
      2994   0         801
      2995   0         801
      2996   0         802
      2997   0         802
      2998   0         803
      2999   0         803
      3008   0         808
      3009   0         808
      3010   0         809
      3011   0         809
      3012   0         810
      3013   0         810
      3014   0         811
      3015   0         811
      3016   0         812
      3017   0         812
      3026   0         817
      3027   0         817
      3028   0         818
      3029   0         818
      3030   0         819
      3031   0         819
      3032   0         820
      3033   0         820
      3034   0         821
      3035   0         821
      3044   0         826
      3045   0         826
      3046   0         827
      3047   0         827
      3048   0         828
      3049   0         828
      3050   0         829
      3051   0         829
      3052   0         830
      3053   0         830
      3062   0         835
      3063   0         835
      3064   0         836
      3065   0         836
      3066   0         837
      3067   0         837
      3068   0         838
      3069   0         838
      3070   0         839
      3071   0         839
      3080   0         844
      3081   0         844
      3082   0         845
      3083   0         845
      3084   0         846
      3085   0         846
      3086   0         847
      3087   0         847
      3088   0         848
      3089   0         848
      3098   0         853
      3099   0         853
      3100   0         854
      3101   0         854
      3102   0         855
      3103   0         855
      3104   0         856
      3105   0         856
      3106   0         857
      3107   0         857
      3116   0         862
      3117   0         862
      3118   0         863
      3119   0         863
      3120   0         864
      3121   0         864
      3122   0         865
      3123   0         865
      3124   0         866
      3125   0         866
      3134   0         871
      3135   0         871
      3136   0         872
      3137   0         872
      3138   0         873
      3139   0         873
      3140   0         874
      3141   0         874
      3142   0         875
      3143   0         875
      3314   0         961
      3315   0         961
      3316   0         962
      3317   0         962
      3318   0         963
      3319   0         963
      3320   0         964
      3321   0         964
      3322   0         965
      3323   0         965
      3332   0         970
      3333   0         970
      3334   0         971
      3335   0         971
      3336   0         972
      3337   0         972
      3338   0         973
      3339   0         973
      3340   0         974
      3341   0         974
      3350   0         979
      3351   0         979
      3352   0         980
      3353   0         980
      3354   0         981
      3355   0         981
      3356   0         982
      3357   0         982
      3358   0         983
      3359   0         983
      3368   0         988
      3369   0         988
      3370   0         989
      3371   0         989
      3372   0         990
      3373   0         990
      3374   0         991
      3375   0         991
      3376   0         992
      3377   0         992
      3386   0         997
      3387   0         997
      3388   0         998
      3389   0         998
      3390   0         999
      3391   0         999
      3392   0        1000
      3393   0        1000
      3394   0        1001
      3395   0        1001
      3404   0        1006
      3405   0        1006
      3406   0        1007
      3407   0        1007
      3408   0        1008
      3409   0        1008
      3410   0        1009
      3411   0        1009
      3412   0        1010
      3413   0        1010
      3422   0        1015
      3423   0        1015
      3424   0        1016
      3425   0        1016
      3426   0        1017
      3427   0        1017
      3428   0        1018
      3429   0        1018
      3430   0        1019
      3431   0        1019
      3440   0        1024
      3441   0        1024
      3442   0        1025
      3443   0        1025
      3444   0        1026
      3445   0        1026
      3446   0        1027
      3447   0        1027
      3448   0        1028
      3449   0        1028
      3458   0        1033
      3459   0        1033
      3460   0        1034
      3461   0        1034
      3462   0        1035
      3463   0        1035
      3464   0        1036
      3465   0        1036
      3466   0        1037
      3467   0        1037
      3548   0        1078
      3549   0        1078
      3550   0        1079
      3551   0        1079
      3552   0        1080
      3553   0        1080
      3554   0        1081
      3555   0        1081
      3556   0        1082
      3557   0        1082
      3566   0        1087
      3567   0        1087
      3568   0        1088
      3569   0        1088
      3570   0        1089
      3571   0        1089
      3572   0        1090
      3573   0        1090
      3574   0        1091
      3575   0        1091
      3584   0        1096
      3585   0        1096
      3586   0        1097
      3587   0        1097
      3588   0        1098
      3589   0        1098
      3590   0        1099
      3591   0        1099
      3592   0        1100
      3593   0        1100
      3602   0        1105
      3603   0        1105
      3604   0        1106
      3605   0        1106
      3606   0        1107
      3607   0        1107
      3608   0        1108
      3609   0        1108
      3610   0        1109
      3611   0        1109
      3620   0        1114
      3621   0        1114
      3622   0        1115
      3623   0        1115
      3624   0        1116
      3625   0        1116
      3626   0        1117
      3627   0        1117
      3628   0        1118
      3629   0        1118
      3710   0        1159
      3711   0        1159
      3712   0        1160
      3713   0        1160
      3714   0        1161
      3715   0        1161
      3716   0        1162
      3717   0        1162
      3718   0        1163
      3719   0        1163
      3728   0        1168
      3729   0        1168
      3730   0        1169
      3731   0        1169
      3732   0        1170
      3733   0        1170
      3734   0        1171
      3735   0        1171
      3736   0        1172
      3737   0        1172
      3746   0        1177
      3747   0        1177
      3748   0        1178
      3749   0        1178
      3750   0        1179
      3751   0        1179
      3752   0        1180
      3753   0        1180
      3754   0        1181
      3755   0        1181
      3764   0        1186
      3765   0        1186
      3766   0        1187
      3767   0        1187
      3768   0        1188
      3769   0        1188
      3770   0        1189
      3771   0        1189
      3772   0        1190
      3773   0        1190
      3782   0        1195
      3783   0        1195
      3784   0        1196
      3785   0        1196
      3786   0        1197
      3787   0        1197
      3788   0        1198
      3789   0        1198
      3790   0        1199
      3791   0        1199
      3962   0        1285
      3963   0        1285
      3964   0        1286
      3965   0        1286
      3966   0        1287
      3967   0        1287
      3968   0        1288
      3969   0        1288
      3970   0        1289
      3971   0        1289
      3980   0        1294
      3981   0        1294
      3982   0        1295
      3983   0        1295
      3984   0        1296
      3985   0        1296
      3986   0        1297
      3987   0        1297
      3988   0        1298
      3989   0        1298
      3998   0        1303
      3999   0        1303
      4000   0        1304
      4001   0        1304
      4002   0        1305
      4003   0        1305
      4004   0        1306
      4005   0        1306
      4006   0        1307
      4007   0        1307
      4016   0        1312
      4017   0        1312
      4018   0        1313
      4019   0        1313
      4020   0        1314
      4021   0        1314
      4022   0        1315
      4023   0        1315
      4024   0        1316
      4025   0        1316
      4034   0        1321
      4035   0        1321
      4036   0        1322
      4037   0        1322
      4038   0        1323
      4039   0        1323
      4040   0        1324
      4041   0        1324
      4042   0        1325
      4043   0        1325
      4052   0        1330
      4053   0        1330
      4054   0        1331
      4055   0        1331
      4056   0        1332
      4057   0        1332
      4058   0        1333
      4059   0        1333
      4060   0        1334
      4061   0        1334
      4070   0        1339
      4071   0        1339
      4072   0        1340
      4073   0        1340
      4074   0        1341
      4075   0        1341
      4076   0        1342
      4077   0        1342
      4078   0        1343
      4079   0        1343
      4088   0        1348
      4089   0        1348
      4090   0        1349
      4091   0        1349
      4092   0        1350
      4093   0        1350
      4094   0        1351
      4095   0        1351
      4096   0        1352
      4097   0        1352
      4106   0        1357
      4107   0        1357
      4108   0        1358
      4109   0        1358
      4110   0        1359
      4111   0        1359
      4112   0        1360
      4113   0        1360
      4114   0        1361
      4115   0        1361
      4286   0        1447
      4287   0        1447
      4288   0        1448
      4289   0        1448
      4290   0        1449
      4291   0        1449
      4292   0        1450
      4293   0        1450
      4294   0        1451
      4295   0        1451
      4304   0        1456
      4305   0        1456
      4306   0        1457
      4307   0        1457
      4308   0        1458
      4309   0        1458
      4310   0        1459
      4311   0        1459
      4312   0        1460
      4313   0        1460
      4322   0        1465
      4323   0        1465
      4324   0        1466
      4325   0        1466
      4326   0        1467
      4327   0        1467
      4328   0        1468
      4329   0        1468
      4330   0        1469
      4331   0        1469
      4340   0        1474
      4341   0        1474
      4342   0        1475
      4343   0        1475
      4344   0        1476
      4345   0        1476
      4346   0        1477
      4347   0        1477
      4348   0        1478
      4349   0        1478
      4358   0        1483
      4359   0        1483
      4360   0        1484
      4361   0        1484
      4362   0        1485
      4363   0        1485
      4364   0        1486
      4365   0        1486
      4366   0        1487
      4367   0        1487
      4376   0        1492
      4377   0        1492
      4378   0        1493
      4379   0        1493
      4380   0        1494
      4381   0        1494
      4382   0        1495
      4383   0        1495
      4384   0        1496
      4385   0        1496
      4394   0        1501
      4395   0        1501
      4396   0        1502
      4397   0        1502
      4398   0        1503
      4399   0        1503
      4400   0        1504
      4401   0        1504
      4402   0        1505
      4403   0        1505
      4412   0        1510
      4413   0        1510
      4414   0        1511
      4415   0        1511
      4416   0        1512
      4417   0        1512
      4418   0        1513
      4419   0        1513
      4420   0        1514
      4421   0        1514
      4430   0        1519
      4431   0        1519
      4432   0        1520
      4433   0        1520
      4434   0        1521
      4435   0        1521
      4436   0        1522
      4437   0        1522
      4438   0        1523
      4439   0        1523
