mdnode
       840       2       0   1.000     2
        42   1          42
        43   1          43
        44   1          44
        45   1          45
        46   1          46
        51   1          51
        52   1          52
        53   1          53
        54   1          54
        55   1          55
        60   1          60
        61   1          61
        62   1          62
        63   1          63
        64   1          64
        69   1          69
        70   1          70
        71   1          71
        72   1          72
        73   1          73
        78   1          78
        79   1          79
        80   1          80
        81   1          81
        82   1          82
       123   1         123
       124   1         124
       125   1         125
       126   1         126
       127   1         127
       132   1         132
       133   1         133
       134   1         134
       135   1         135
       136   1         136
       141   1         141
       142   1         142
       143   1         143
       144   1         144
       145   1         145
       150   1         150
       151   1         151
       152   1         152
       153   1         153
       154   1         154
       159   1         159
       160   1         160
       161   1         161
       162   1         162
       163   1         163
       249   1         249
       250   1         250
       251   1         251
       252   1         252
       253   1         253
       258   1         258
       259   1         259
       260   1         260
       261   1         261
       262   1         262
       267   1         267
       268   1         268
       269   1         269
       270   1         270
       271   1         271
       276   1         276
       277   1         277
       278   1         278
       279   1         279
       280   1         280
       285   1         285
       286   1         286
       287   1         287
       288   1         288
       289   1         289
       294   1         294
       295   1         295
       296   1         296
       297   1         297
       298   1         298
       303   1         303
       304   1         304
       305   1         305
       306   1         306
       307   1         307
       312   1         312
       313   1         313
       314   1         314
       315   1         315
       316   1         316
       321   1         321
       322   1         322
       323   1         323
       324   1         324
       325   1         325
       411   1         411
       412   1         412
       413   1         413
       414   1         414
       415   1         415
       420   1         420
       421   1         421
       422   1         422
       423   1         423
       424   1         424
       429   1         429
       430   1         430
       431   1         431
       432   1         432
       433   1         433
       438   1         438
       439   1         439
       440   1         440
       441   1         441
       442   1         442
       447   1         447
       448   1         448
       449   1         449
       450   1         450
       451   1         451
       456   1         456
       457   1         457
       458   1         458
       459   1         459
       460   1         460
       465   1         465
       466   1         466
       467   1         467
       468   1         468
       469   1         469
       474   1         474
       475   1         475
       476   1         476
       477   1         477
       478   1         478
       483   1         483
       484   1         484
       485   1         485
       486   1         486
       487   1         487
       528   1         528
       529   1         529
       530   1         530
       531   1         531
       532   1         532
       537   1         537
       538   1         538
       539   1         539
       540   1         540
       541   1         541
       546   1         546
       547   1         547
       548   1         548
       549   1         549
       550   1         550
       555   1         555
       556   1         556
       557   1         557
       558   1         558
       559   1         559
       564   1         564
       565   1         565
       566   1         566
       567   1         567
       568   1         568
       609   1         609
       610   1         610
       611   1         611
       612   1         612
       613   1         613
       618   1         618
       619   1         619
       620   1         620
       621   1         621
       622   1         622
       627   1         627
       628   1         628
       629   1         629
       630   1         630
       631   1         631
       636   1         636
       637   1         637
       638   1         638
       639   1         639
       640   1         640
       645   1         645
       646   1         646
       647   1         647
       648   1         648
       649   1         649
       735   1         735
       736   1         736
       737   1         737
       738   1         738
       739   1         739
       744   1         744
       745   1         745
       746   1         746
       747   1         747
       748   1         748
       753   1         753
       754   1         754
       755   1         755
       756   1         756
       757   1         757
       762   1         762
       763   1         763
       764   1         764
       765   1         765
       766   1         766
       771   1         771
       772   1         772
       773   1         773
       774   1         774
       775   1         775
       780   1         780
       781   1         781
       782   1         782
       783   1         783
       784   1         784
       789   1         789
       790   1         790
       791   1         791
       792   1         792
       793   1         793
       798   1         798
       799   1         799
       800   1         800
       801   1         801
       802   1         802
       807   1         807
       808   1         808
       809   1         809
       810   1         810
       811   1         811
       897   1         897
       898   1         898
       899   1         899
       900   1         900
       901   1         901
       906   1         906
       907   1         907
       908   1         908
       909   1         909
       910   1         910
       915   1         915
       916   1         916
       917   1         917
       918   1         918
       919   1         919
       924   1         924
       925   1         925
       926   1         926
       927   1         927
       928   1         928
       933   1         933
       934   1         934
       935   1         935
       936   1         936
       937   1         937
       942   1         942
       943   1         943
       944   1         944
       945   1         945
       946   1         946
       951   1         951
       952   1         952
       953   1         953
       954   1         954
       955   1         955
       960   1         960
       961   1         961
       962   1         962
       963   1         963
       964   1         964
       969   1         969
       970   1         970
       971   1         971
       972   1         972
       973   1         973
      2026   0          42
      2027   0          42
      2028   0          43
      2029   0          43
      2030   0          44
      2031   0          44
      2032   0          45
      2033   0          45
      2034   0          46
      2035   0          46
      2044   0          51
      2045   0          51
      2046   0          52
      2047   0          52
      2048   0          53
      2049   0          53
      2050   0          54
      2051   0          54
      2052   0          55
      2053   0          55
      2062   0          60
      2063   0          60
      2064   0          61
      2065   0          61
      2066   0          62
      2067   0          62
      2068   0          63
      2069   0          63
      2070   0          64
      2071   0          64
      2080   0          69
      2081   0          69
      2082   0          70
      2083   0          70
      2084   0          71
      2085   0          71
      2086   0          72
      2087   0          72
      2088   0          73
      2089   0          73
      2098   0          78
      2099   0          78
      2100   0          79
      2101   0          79
      2102   0          80
      2103   0          80
      2104   0          81
      2105   0          81
      2106   0          82
      2107   0          82
      2188   0         123
      2189   0         123
      2190   0         124
      2191   0         124
      2192   0         125
      2193   0         125
      2194   0         126
      2195   0         126
      2196   0         127
      2197   0         127
      2206   0         132
      2207   0         132
      2208   0         133
      2209   0         133
      2210   0         134
      2211   0         134
      2212   0         135
      2213   0         135
      2214   0         136
      2215   0         136
      2224   0         141
      2225   0         141
      2226   0         142
      2227   0         142
      2228   0         143
      2229   0         143
      2230   0         144
      2231   0         144
      2232   0         145
      2233   0         145
      2242   0         150
      2243   0         150
      2244   0         151
      2245   0         151
      2246   0         152
      2247   0         152
      2248   0         153
      2249   0         153
      2250   0         154
      2251   0         154
      2260   0         159
      2261   0         159
      2262   0         160
      2263   0         160
      2264   0         161
      2265   0         161
      2266   0         162
      2267   0         162
      2268   0         163
      2269   0         163
      2440   0         249
      2441   0         249
      2442   0         250
      2443   0         250
      2444   0         251
      2445   0         251
      2446   0         252
      2447   0         252
      2448   0         253
      2449   0         253
      2458   0         258
      2459   0         258
      2460   0         259
      2461   0         259
      2462   0         260
      2463   0         260
      2464   0         261
      2465   0         261
      2466   0         262
      2467   0         262
      2476   0         267
      2477   0         267
      2478   0         268
      2479   0         268
      2480   0         269
      2481   0         269
      2482   0         270
      2483   0         270
      2484   0         271
      2485   0         271
      2494   0         276
      2495   0         276
      2496   0         277
      2497   0         277
      2498   0         278
      2499   0         278
      2500   0         279
      2501   0         279
      2502   0         280
      2503   0         280
      2512   0         285
      2513   0         285
      2514   0         286
      2515   0         286
      2516   0         287
      2517   0         287
      2518   0         288
      2519   0         288
      2520   0         289
      2521   0         289
      2530   0         294
      2531   0         294
      2532   0         295
      2533   0         295
      2534   0         296
      2535   0         296
      2536   0         297
      2537   0         297
      2538   0         298
      2539   0         298
      2548   0         303
      2549   0         303
      2550   0         304
      2551   0         304
      2552   0         305
      2553   0         305
      2554   0         306
      2555   0         306
      2556   0         307
      2557   0         307
      2566   0         312
      2567   0         312
      2568   0         313
      2569   0         313
      2570   0         314
      2571   0         314
      2572   0         315
      2573   0         315
      2574   0         316
      2575   0         316
      2584   0         321
      2585   0         321
      2586   0         322
      2587   0         322
      2588   0         323
      2589   0         323
      2590   0         324
      2591   0         324
      2592   0         325
      2593   0         325
      2764   0         411
      2765   0         411
      2766   0         412
      2767   0         412
      2768   0         413
      2769   0         413
      2770   0         414
      2771   0         414
      2772   0         415
      2773   0         415
      2782   0         420
      2783   0         420
      2784   0         421
      2785   0         421
      2786   0         422
      2787   0         422
      2788   0         423
      2789   0         423
      2790   0         424
      2791   0         424
      2800   0         429
      2801   0         429
      2802   0         430
      2803   0         430
      2804   0         431
      2805   0         431
      2806   0         432
      2807   0         432
      2808   0         433
      2809   0         433
      2818   0         438
      2819   0         438
      2820   0         439
      2821   0         439
      2822   0         440
      2823   0         440
      2824   0         441
      2825   0         441
      2826   0         442
      2827   0         442
      2836   0         447
      2837   0         447
      2838   0         448
      2839   0         448
      2840   0         449
      2841   0         449
      2842   0         450
      2843   0         450
      2844   0         451
      2845   0         451
      2854   0         456
      2855   0         456
      2856   0         457
      2857   0         457
      2858   0         458
      2859   0         458
      2860   0         459
      2861   0         459
      2862   0         460
      2863   0         460
      2872   0         465
      2873   0         465
      2874   0         466
      2875   0         466
      2876   0         467
      2877   0         467
      2878   0         468
      2879   0         468
      2880   0         469
      2881   0         469
      2890   0         474
      2891   0         474
      2892   0         475
      2893   0         475
      2894   0         476
      2895   0         476
      2896   0         477
      2897   0         477
      2898   0         478
      2899   0         478
      2908   0         483
      2909   0         483
      2910   0         484
      2911   0         484
      2912   0         485
      2913   0         485
      2914   0         486
      2915   0         486
      2916   0         487
      2917   0         487
      2998   0         528
      2999   0         528
      3000   0         529
      3001   0         529
      3002   0         530
      3003   0         530
      3004   0         531
      3005   0         531
      3006   0         532
      3007   0         532
      3016   0         537
      3017   0         537
      3018   0         538
      3019   0         538
      3020   0         539
      3021   0         539
      3022   0         540
      3023   0         540
      3024   0         541
      3025   0         541
      3034   0         546
      3035   0         546
      3036   0         547
      3037   0         547
      3038   0         548
      3039   0         548
      3040   0         549
      3041   0         549
      3042   0         550
      3043   0         550
      3052   0         555
      3053   0         555
      3054   0         556
      3055   0         556
      3056   0         557
      3057   0         557
      3058   0         558
      3059   0         558
      3060   0         559
      3061   0         559
      3070   0         564
      3071   0         564
      3072   0         565
      3073   0         565
      3074   0         566
      3075   0         566
      3076   0         567
      3077   0         567
      3078   0         568
      3079   0         568
      3160   0         609
      3161   0         609
      3162   0         610
      3163   0         610
      3164   0         611
      3165   0         611
      3166   0         612
      3167   0         612
      3168   0         613
      3169   0         613
      3178   0         618
      3179   0         618
      3180   0         619
      3181   0         619
      3182   0         620
      3183   0         620
      3184   0         621
      3185   0         621
      3186   0         622
      3187   0         622
      3196   0         627
      3197   0         627
      3198   0         628
      3199   0         628
      3200   0         629
      3201   0         629
      3202   0         630
      3203   0         630
      3204   0         631
      3205   0         631
      3214   0         636
      3215   0         636
      3216   0         637
      3217   0         637
      3218   0         638
      3219   0         638
      3220   0         639
      3221   0         639
      3222   0         640
      3223   0         640
      3232   0         645
      3233   0         645
      3234   0         646
      3235   0         646
      3236   0         647
      3237   0         647
      3238   0         648
      3239   0         648
      3240   0         649
      3241   0         649
      3412   0         735
      3413   0         735
      3414   0         736
      3415   0         736
      3416   0         737
      3417   0         737
      3418   0         738
      3419   0         738
      3420   0         739
      3421   0         739
      3430   0         744
      3431   0         744
      3432   0         745
      3433   0         745
      3434   0         746
      3435   0         746
      3436   0         747
      3437   0         747
      3438   0         748
      3439   0         748
      3448   0         753
      3449   0         753
      3450   0         754
      3451   0         754
      3452   0         755
      3453   0         755
      3454   0         756
      3455   0         756
      3456   0         757
      3457   0         757
      3466   0         762
      3467   0         762
      3468   0         763
      3469   0         763
      3470   0         764
      3471   0         764
      3472   0         765
      3473   0         765
      3474   0         766
      3475   0         766
      3484   0         771
      3485   0         771
      3486   0         772
      3487   0         772
      3488   0         773
      3489   0         773
      3490   0         774
      3491   0         774
      3492   0         775
      3493   0         775
      3502   0         780
      3503   0         780
      3504   0         781
      3505   0         781
      3506   0         782
      3507   0         782
      3508   0         783
      3509   0         783
      3510   0         784
      3511   0         784
      3520   0         789
      3521   0         789
      3522   0         790
      3523   0         790
      3524   0         791
      3525   0         791
      3526   0         792
      3527   0         792
      3528   0         793
      3529   0         793
      3538   0         798
      3539   0         798
      3540   0         799
      3541   0         799
      3542   0         800
      3543   0         800
      3544   0         801
      3545   0         801
      3546   0         802
      3547   0         802
      3556   0         807
      3557   0         807
      3558   0         808
      3559   0         808
      3560   0         809
      3561   0         809
      3562   0         810
      3563   0         810
      3564   0         811
      3565   0         811
      3736   0         897
      3737   0         897
      3738   0         898
      3739   0         898
      3740   0         899
      3741   0         899
      3742   0         900
      3743   0         900
      3744   0         901
      3745   0         901
      3754   0         906
      3755   0         906
      3756   0         907
      3757   0         907
      3758   0         908
      3759   0         908
      3760   0         909
      3761   0         909
      3762   0         910
      3763   0         910
      3772   0         915
      3773   0         915
      3774   0         916
      3775   0         916
      3776   0         917
      3777   0         917
      3778   0         918
      3779   0         918
      3780   0         919
      3781   0         919
      3790   0         924
      3791   0         924
      3792   0         925
      3793   0         925
      3794   0         926
      3795   0         926
      3796   0         927
      3797   0         927
      3798   0         928
      3799   0         928
      3808   0         933
      3809   0         933
      3810   0         934
      3811   0         934
      3812   0         935
      3813   0         935
      3814   0         936
      3815   0         936
      3816   0         937
      3817   0         937
      3826   0         942
      3827   0         942
      3828   0         943
      3829   0         943
      3830   0         944
      3831   0         944
      3832   0         945
      3833   0         945
      3834   0         946
      3835   0         946
      3844   0         951
      3845   0         951
      3846   0         952
      3847   0         952
      3848   0         953
      3849   0         953
      3850   0         954
      3851   0         954
      3852   0         955
      3853   0         955
      3862   0         960
      3863   0         960
      3864   0         961
      3865   0         961
      3866   0         962
      3867   0         962
      3868   0         963
      3869   0         963
      3870   0         964
      3871   0         964
      3880   0         969
      3881   0         969
      3882   0         970
      3883   0         970
      3884   0         971
      3885   0         971
      3886   0         972
      3887   0         972
      3888   0         973
      3889   0         973
